359907.0
10579.9
2510.0
1800.0
2760.0
2820.0
1930.0
2720.0
2070.0
2630.0
2720.0
1610.0
2180.0
1910.0
2540.0
1850.0
3150.0
2720.0
2130.0
3130.0
2260.0
1380.0
2330.0
3270.0
11539.9
1940.0
15179.9
3390.0
2200.0
2990.0
2190.0
2310.0
1630.0
2150.0
2490.0
3010.0
2200.0
3420.0
2600.0
7859.9
2440.0
10429.9
1390.0
2830.0
2270.0
3760.0
2460.0
2540.0
1170.0
3100.0
3210.0
3380.0
2770.0
1730.0
6790.0
1680.0
1870.0
2680.0
734457.1
5280.0
5060.0
1660.0
2880.0
2410.0
1870.0
1810.0
1990.0
2430.0
4350.0
1870.0
2830.0
2190.0
3020.0
4350.0
4960.0
3030.0
2960.0
4510.0
3310.0
2910.0
2470.0
2940.0
2660.0
2660.0
2620.0
4910.0
1960.0
1880.0
2980.0
2470.0
2660.0
3880.0
1970.0
2380.0
3280.0
1630.0
3420.0
3480.0
2800.0
3790.0
2350.0
2120.0
1780.0
2780.0
3400.0
2910.0
2050.0
1970.0
2600.0
2210.0
1490.0
2070.0
2070.0
2120.0
2180.0
2160.0
2080.0
2210.0
2020.0
2110.0
2770.0
4470.0
2520.0
2140.0
2090.0
2080.0
2370.0
2550.0
2050.0
2090.0
1640.0
1750.0
2010.0
2160.0
2010.0
1440.0
1370.0
2340.0
1710.0
1930.0
2130.0
6030.0
2340.0
2830.0
2220.0
3170.0
1900.0
1890.0
2520.0
1750.0
