355736.9
9299.9
2130.0
2700.0
1600.0
1800.0
1790.0
3210.0
2770.0
2190.0
1340.0
1740.0
2460.0
1510.0
1790.0
2560.0
1310.0
2570.0
3020.0
3110.0
2610.0
2030.0
2650.0
2740.0
10539.9
2580.0
14569.9
2580.0
2040.0
2000.0
1540.0
1300.0
1650.0
2160.0
2200.0
2410.0
3190.0
3270.0
2280.0
11519.9
2120.0
11099.9
1760.0
2680.0
2290.0
2120.0
2090.0
4120.0
2390.0
2640.0
2750.0
2280.0
1680.0
1780.0
7979.9
1830.0
2440.0
3480.0
3020.0
7099.9
2700.0
2100.0
2600.0
2440.0
2290.0
2050.0
1720.0
2220.0
2960.0
2600.0
2560.0
3240.0
2220.0
2230.0
3650.0
2000.0
175588.8
2680.0
4470.0
5060.0
2990.0
1580.0
1960.0
3410.0
2160.0
2330.0
1900.0
2140.0
2060.0
2180.0
2110.0
2710.0
2050.0
2040.0
65198.1
2010.0
3880.0
2210.0
4080.0
4180.0
2520.0
2150.0
1750.0
3680.0
3680.0
2100.0
1160.0
2100.0
3280.0
3250.0
2760.0
2830.0
2140.0
1670.0
1740.0
1920.0
1830.0
2230.0
1780.0
1880.0
1970.0
2700.0
1770.0
1540.0
1730.0
1590.0
2080.0
2150.0
2680.0
2420.0
1740.0
1680.0
1270.0
1970.0
2010.0
1910.0
1720.0
2880.0
2230.0
2100.0
2380.0
2210.0
1410.0
2420.0
2870.0
4870.0
1070.0
1820.0
1040.0
1860.0
