329497.4
13119.9
1630.0
1520.0
2440.0
1790.0
2250.0
2300.0
2210.0
2100.0
2600.0
1670.0
2540.0
3210.0
1850.0
1750.0
2420.0
1840.0
10819.9
3320.0
1920.0
1160.0
1400.0
1490.0
6610.0
2540.0
12819.9
2950.0
1870.0
2630.0
2010.0
2070.0
2360.0
1290.0
1800.0
1640.0
1430.0
2730.0
2080.0
10059.9
2120.0
10859.9
1870.0
1630.0
2410.0
2050.0
2530.0
3810.0
3480.0
3480.0
2090.0
2430.0
2910.0
1990.0
6320.0
2850.0
9959.9
2070.0
3120.0
3010.0
3970.0
1560.0
2120.0
1970.0
2050.0
2100.0
2420.0
1940.0
2930.0
2340.0
2390.0
2000.0
2990.0
2940.0
4210.0
3700.0
4080.0
4570.0
4790.0
2610.0
2710.0
1980.0
5270.0
3030.0
2930.0
2160.0
2250.0
2300.0
2170.0
1630.0
1760.0
2720.0
2740.0
2420.0
3870.0
2150.0
2380.0
3760.0
2510.0
3530.0
1660.0
1890.0
1900.0
4540.0
2030.0
1950.0
1860.0
1850.0
2790.0
2410.0
2120.0
2510.0
1440.0
2040.0
3340.0
1680.0
3390.0
2630.0
2680.0
1290.0
1500.0
2310.0
1890.0
2520.0
1550.0
3030.0
2030.0
3050.0
1780.0
3200.0
1980.0
2640.0
2130.0
2640.0
1810.0
1580.0
2160.0
4670.0
1880.0
2260.0
2290.0
3470.0
1440.0
2770.0
4830.0
2420.0
1730.0
1440.0
1490.0
1710.0
