204168.5
10569.9
1950.0
2520.0
1550.0
2090.0
1730.0
1180.0
2090.0
2330.0
1930.0
3260.0
2890.0
1730.0
3470.0
1410.0
1980.0
2670.0
1500.0
1420.0
2190.0
1570.0
2100.0
3250.0
12009.9
1740.0
12439.9
2920.0
2830.0
2620.0
1250.0
1850.0
1930.0
3450.0
1620.0
2060.0
2370.0
2760.0
2960.0
8969.9
2510.0
10889.9
2190.0
3860.0
1400.0
3050.0
2800.0
1930.0
3740.0
4900.0
3000.0
2770.0
2400.0
1960.0
7919.9
2870.0
3370.0
2520.0
2090.0
8289.9
5720.0
2240.0
2270.0
2560.0
2290.0
2690.0
2540.0
2420.0
3940.0
2580.0
2320.0
2650.0
3620.0
3140.0
4710.0
3170.0
3590.0
3390.0
3510.0
2880.0
3250.0
2380.0
2340.0
2960.0
2230.0
2750.0
1870.0
2620.0
1850.0
2530.0
2200.0
2110.0
4880.0
1580.0
3700.0
3180.0
2520.0
3160.0
2000.0
1890.0
2030.0
1420.0
2480.0
2340.0
2150.0
2880.0
1770.0
3480.0
3450.0
1830.0
2150.0
2290.0
2220.0
1400.0
1900.0
4250.0
1660.0
2260.0
1830.0
2120.0
1710.0
1580.0
2050.0
3050.0
1660.0
2580.0
2410.0
1930.0
1690.0
1940.0
1860.0
2460.0
1910.0
2100.0
2470.0
2100.0
1920.0
1990.0
2100.0
1460.0
1970.0
2660.0
1780.0
3310.0
4390.0
2960.0
1940.0
1700.0
1230.0
3190.0
