287887.7
10929.9
2690.0
7629.9
1610.0
1270.0
1900.0
2160.0
2200.0
3060.0
2370.0
2330.0
1760.0
2160.0
2130.0
2160.0
2270.0
1920.0
1590.0
1610.0
2930.0
1710.0
5310.0
4310.0
10679.9
1740.0
10859.9
3020.0
1840.0
2130.0
1780.0
2270.0
1890.0
960.0
2000.0
3040.0
2110.0
4330.0
1440.0
6880.0
1700.0
12459.9
2250.0
1280.0
2040.0
2200.0
2890.0
1660.0
2670.0
3650.0
2630.0
2870.0
1850.0
2430.0
8369.9
2620.0
2250.0
2690.0
1750.0
6210.0
9879.9
1340.0
2570.0
2060.0
2210.0
2400.0
2010.0
2640.0
4270.0
2710.0
2620.0
2570.0
2960.0
3360.0
2530.0
2980.0
1730.0
4790.0
8959.9
3750.0
8069.9
2270.0
7190.0
1750.0
2980.0
2650.0
2320.0
2330.0
3960.0
2490.0
3180.0
3680.0
5460.0
1890.0
4850.0
2130.0
2460.0
3360.0
2690.0
3880.0
1790.0
2580.0
2850.0
7060.0
1940.0
2470.0
1690.0
2130.0
4780.0
1580.0
3390.0
2190.0
1210.0
1860.0
2550.0
2610.0
1460.0
2150.0
3990.0
2330.0
1390.0
5720.0
2720.0
2170.0
1440.0
2090.0
2550.0
2790.0
2340.0
2510.0
1840.0
1480.0
1800.0
2610.0
3870.0
3720.0
2110.0
2650.0
2170.0
2010.0
2700.0
3640.0
2070.0
4000.0
2640.0
1750.0
1300.0
3010.0
1880.0
1860.0
